[28, 'CTSH', 62.42, 75.08, 1.164]
[25, 'VIPS', 17.49, 19.06, 1.089]
[25, 'HCA', 65.46, 86.30, 1.318]
[24, 'CVS', 97.56, 115.38, 1.183]
[24, 'ADS', 275.23, 336.57, 1.223]
[23, 'SWKS', 79.93, 109.73, 1.373]
[21, 'Q', 69.40, 80.64, 1.162]
[20, 'SBNY', 40.47, 167.78, 4.146]
[17, 'HDS', 30.00, 36.07, 1.202]
[13, 'BURL', 41.49, 61.17, 1.474]
[49, 'LPG', 11.59, 18.47, 1.594]
[45, 'DYN', 10.25, 28.23, 2.754]
[35, 'HDS', 29.07, 36.07, 1.241]
[26, 'MPC', 51.35, 67.88, 1.322]
[20, 'VLO', 71.41, 78.72, 1.102]
[15, 'CVS', 94.1, 115.67, 1.229]
[1, 'CRM', 78.11, 89.68, 1.148]
[10, 'PAGP', 7.81, 17.41, 2.229]
[4, 'MT', 3.8, 6.81, 1.792]
[8, 'PAA', 20.44, 34.0, 1.663]
[32, 'DYN', 11.25, 27.92, 2.482]
[31, 'ENLC', 14.39, 23.73, 1.649]
[15, 'CIEN', 19.96, 26.4, 1.323]
[9, 'AVGO', 143.1, 170.76, 1.193]
[1, 'ERIC', 9.77, 98.11, 10.042]
[7, 'PAA', 19.66, 33.58, 1.708]
[17, 'CJES', 4.38, 7.13, 1.628]
[13, 'RAX', 24.72, 38.5, 1.557]
[6, 'NBR', 8.0, 12.43, 1.554]
[4, 'SPN', 13.13, 18.31, 1.395]
